              precision    recall  f1-score   support

           0       0.91      0.92      0.92      2493
           1       0.98      0.96      0.97      1984
           2       0.98      0.99      0.98      1306
           3       0.99      0.99      0.99       620
           4       0.96      0.99      0.97      2136
           5       0.99      0.99      0.99      3162
           6       0.96      0.99      0.98       611
           7       0.98      0.94      0.96      3846
           8       0.94      0.95      0.94      1614
           9       1.00      1.00      1.00      3990
          10       1.00      1.00      1.00       476
          11       0.97      0.99      0.98      1846
          12       0.98      0.99      0.99      2558
          13       0.99      0.97      0.98      3958
          14       0.97      0.99      0.98      3082
          15       0.98      0.99      0.99       642
          16       0.98      0.97      0.98      3650
          17       1.00      1.00      1.00       654
          18       0.98      0.98      0.98      3802
          19       0.99      0.95      0.97      3808
          20       0.98      0.98      0.98      1125
          21       1.00      1.00      1.00      3944
          22       0.98      0.98      0.98      2002
          23       1.00      1.00      1.00      7774
          24       0.98      0.99      0.99      1942
          25       0.88      0.95      0.92      2202
          26       1.00      1.00      1.00       698

    accuracy                           0.98     65925
   macro avg       0.98      0.98      0.98     65925
weighted avg       0.98      0.98      0.98     65925
