              precision    recall  f1-score   support

           0       0.66      0.72      0.69      2168
           1       0.84      0.78      0.81      1754
           2       0.85      0.92      0.88      1137
           3       0.88      0.98      0.93       550
           4       0.80      0.87      0.83      1898
           5       0.95      0.95      0.95      2792
           6       0.71      0.94      0.81       544
           7       0.87      0.71      0.78      3408
           8       0.72      0.73      0.73      1430
           9       0.98      0.95      0.97      3520
          10       0.97      0.99      0.98       434
          11       0.84      0.89      0.87      1633
          12       0.85      0.84      0.84      2252
          13       0.90      0.83      0.87      3491
          14       0.90      0.93      0.91      2728
          15       0.79      0.98      0.87       572
          16       0.83      0.82      0.83      3219
          17       0.86      0.98      0.91       578
          18       0.84      0.85      0.84      2761
          19       0.90      0.75      0.82      3356
          20       0.89      0.89      0.89      1002
          21       0.95      0.92      0.94      3490
          22       0.77      0.84      0.80      1770
          23       0.99      0.94      0.96      6904
          24       0.80      0.91      0.85      1711
          25       0.62      0.86      0.72      1937
          26       1.00      1.00      1.00       626

    accuracy                           0.86     57665
   macro avg       0.85      0.88      0.86     57665
weighted avg       0.87      0.86      0.87     57665
