              precision    recall  f1-score   support

           0       0.65      0.71      0.68      2474
           1       0.84      0.78      0.81      1984
           2       0.85      0.92      0.88      1306
           3       0.92      0.97      0.94       619
           4       0.81      0.88      0.84      2136
           5       0.95      0.95      0.95      3162
           6       0.70      0.92      0.79       611
           7       0.86      0.71      0.78      3846
           8       0.73      0.72      0.72      1614
           9       0.98      0.95      0.96      3990
          10       0.94      0.99      0.97       476
          11       0.85      0.90      0.87      1845
          12       0.85      0.85      0.85      2557
          13       0.91      0.83      0.87      3947
          14       0.90      0.93      0.92      3082
          15       0.79      0.98      0.87       642
          16       0.83      0.81      0.82      3650
          17       0.85      0.97      0.91       654
          18       0.83      0.84      0.84      3113
          19       0.90      0.75      0.82      3808
          20       0.89      0.88      0.88      1125
          21       0.95      0.93      0.94      3943
          22       0.78      0.84      0.81      2002
          23       0.99      0.94      0.96      7773
          24       0.80      0.91      0.85      1942
          25       0.62      0.86      0.72      2202
          26       1.00      0.99      1.00       698

    accuracy                           0.86     65201
   macro avg       0.85      0.88      0.86     65201
weighted avg       0.87      0.86      0.87     65201
